yaw: -151.093017578
pitch: 0.861593365669
roll: 1.66610753536
accel_x: -0.0149999996647
accel_y: 0.0289999991655
accel_z: 0.996999979019
gyro_x: 1.00100004673
gyro_y: 0.231000006199
gyro_z: -1.56200003624
mag_x: 0.29699999094
mag_y: -0.16400000453
mag_z: -0.428000003099
