yaw: 151.578796387
pitch: 1.90147542953
accel_x: -0.0329999998212
accel_z: 0.994000017643
gyro_x: 1.18099999428
gyro_y: 0.425999999046
gyro_z: -1.49500000477
mag_x: 0.254999995232
mag_y: 0.137999996543
mag_z: -0.451000005007
