yaw: 152.864852905
pitch: 1.95810031891
roll: 1.78631150723
accel_x: -0.0340000018477
accel_y: 0.0309999994934
accel_z: 0.994000017643
gyro_x: 1.33000004292
gyro_y: 0.284000009298
gyro_z: -1.45000004768
mag_x: 0.239999994636
mag_y: 0.123000003397
mag_z: -0.426999986172
